# Numpy-Quiestions

Expected Output Of Each Exercises - 

Exercise 1:
Array:
 [[0 1]
 [2 3]
 [4 5]
 [6 7]]
Shape: (4, 2)
Dimensions: 2
Item size: 8
Data type: int64
Size: 8
Type: <class 'numpy.ndarray'>
----------------------------------------
Exercise 2:
Array:
 [[100 110]
 [120 130]
 [140 150]
 [160 170]
 [180 190]]
----------------------------------------
Exercise 3:
Original Array:
 [[11 22 33]
 [44 55 66]
 [77 88 99]]
Third column from all rows: [33 66 99]
----------------------------------------
Exercise 4:
Original Array:
 [[ 3  6  9 12]
 [15 18 21 24]
 [27 30 33 36]
 [39 42 45 48]
 [51 54 57 60]]
Odd rows & Even cols:
 [[ 6 12]
 [30 36]
 [54 60]]
----------------------------------------
Exercise 5:
Array 1:
 [[ 5  6  9]
 [21 18 27]]
Array 2:
 [[15 33 24]
 [ 4  7 11]]
Sum of arrays:
 [[20 39 33]
 [25 25 38]]
Square of result array:
 [[ 400 1521 1089]
 [ 625  625 1444]]
----------------------------------------
Exercise 6:
Original Array:
 [[10 11 12]
 [13 14 15]
 [16 17 18]
 [19 20 21]
 [22 23 24]
 [25 26 27]
 [28 29 30]
 [31 32 33]]
Splitted Arrays:
[[10 11 12]
 [13 14 15]]
[[16 17 18]
 [19 20 21]]
[[22 23 24]
 [25 26 27]]
[[28 29 30]
 [31 32 33]]
----------------------------------------
Exercise 7:
Original Array:
 [[34 43 73]
 [82 22 12]
 [53 94 66]]
Sorted by second row:
 [[73 43 34]
 [12 22 82]
 [66 94 53]]
Sorted by second column:
 [[82 22 12]
 [34 43 73]
 [53 94 66]]
----------------------------------------
Exercise 8:
Array:
 [[34 43 73]
 [82 22 12]
 [53 94 66]]
Max along axis 0 (column-wise): [82 94 73]
Min along axis 1 (row-wise): [34 12 53]
----------------------------------------
Exercise 9:
Original Array:
 [[34 43 73]
 [82 22 12]
 [53 94 66]]
Modified Array:
 [[34 10 10 10 73]
 [82 10 10 10 12]
 [53 10 10 10 66]]
----------------------------------------
Exercise 10:
Array X:
 [[1 2 3]
 [4 5 6]]
Array Y:
 [[6 5 4]
 [3 2 1]]
